127179|71739|95499|73323|82827|78075|101835|158859|209547|120843|87579|93915|71739|89163|76491|206379|200043|169947|

106587|84411|65403|105003|87579|85995|158859|209547|84411|92331|87579|93915|71739|204795|198459|169947|

109755|76491|71739|93915|93915|150939|68571|87579|84411|158859|209547|116091|92331|65403|70155|71739|93915|173115|192123|193707|195291|

109755|87579|82827|82827|71739|74907|71739|66987|87579|65403|92331|70155|158859|209547|116091|92331|65403|70155|71739|93915|173115|192123|193707|195291|

111339|97083|87579|82827|78075|85995|74907|87579|158859|209547|116091|92331|65403|70155|71739|93915|173115|192123|193707|195291|

135099|85995|65403|89163|109755|76491|65403|95499|158859|209547|116091|92331|65403|70155|71739|93915|173115|192123|193707|195291|

112923|66987|65403|103419|158859|209547|139851|71739|74907|65403|93915|192123|204795|203211|196875|169947|

119259|68571|82827|87579|97083|70155|158859|209547|116091|92331|65403|70155|71739|93915|173115|192123|193707|195291|

